# x, y
-2.207062530517578125e+01 2.207062530517578125e+01
-1.316512298583984375e+01 1.316512298583984375e+01
1.533434295654296875e+01 -1.533434295654296875e+01
9.538072204589843750e+01 -9.538072204589843750e+01
7.261950683593750000e+01 -7.261950683593750000e+01
-1.217358398437500000e+01 1.217358398437500000e+01
-7.861062622070312500e+01 7.861062622070312500e+01
-6.640652465820312500e+01 6.640652465820312500e+01
-3.219749450683593750e+01 3.219749450683593750e+01
6.215461730957031250e+00 -6.215461730957031250e+00
2.674814605712890625e+01 -2.674814605712890625e+01
9.157955932617187500e+01 -9.157955932617187500e+01
-8.599732208251953125e+01 8.599732208251953125e+01
2.544169616699218750e+01 -2.544169616699218750e+01
-2.489074707031250000e+00 2.489074707031250000e+00
-7.209274291992187500e+00 7.209274291992187500e+00
-7.679052734375000000e+01 7.679052734375000000e+01
-3.056767272949218750e+01 3.056767272949218750e+01
-5.404375457763671875e+01 5.404375457763671875e+01
-1.336153411865234375e+01 1.336153411865234375e+01
5.433395385742187500e+01 -5.433395385742187500e+01
2.705836486816406250e+01 -2.705836486816406250e+01
-8.047576904296875000e+00 8.047576904296875000e+00
-3.818677139282226562e+01 3.818677139282226562e+01
-1.464243316650390625e+01 1.464243316650390625e+01
-9.863869476318359375e+01 9.863869476318359375e+01
1.499260711669921875e+01 -1.499260711669921875e+01
-8.300265502929687500e+01 8.300265502929687500e+01
-9.978102111816406250e+01 9.978102111816406250e+01
1.701035308837890625e+01 -1.701035308837890625e+01
8.620782470703125000e+01 -8.620782470703125000e+01
3.630471801757812500e+01 -3.630471801757812500e+01
-6.271637344360351562e+01 6.271637344360351562e+01
2.617005920410156250e+01 -2.617005920410156250e+01
6.589770507812500000e+01 -6.589770507812500000e+01
-2.691954803466796875e+01 2.691954803466796875e+01
-8.387060546875000000e+01 8.387060546875000000e+01
5.870829772949218750e+01 -5.870829772949218750e+01
-3.154219055175781250e+01 3.154219055175781250e+01
-7.625078582763671875e+01 7.625078582763671875e+01
-2.029366302490234375e+01 2.029366302490234375e+01
-1.067884826660156250e+01 1.067884826660156250e+01
8.402906799316406250e+01 -8.402906799316406250e+01
4.507221984863281250e+01 -4.507221984863281250e+01
3.843249511718750000e+01 -3.843249511718750000e+01
5.057647705078125000e+01 -5.057647705078125000e+01
3.462683105468750000e+01 -3.462683105468750000e+01
6.575225830078125000e+00 -6.575225830078125000e+00
5.596038818359375000e+00 -5.596038818359375000e+00
-7.685714721679687500e+01 7.685714721679687500e+01
1.306375122070312500e+01 -1.306375122070312500e+01
-7.752481079101562500e+01 7.752481079101562500e+01
-6.724604797363281250e+01 6.724604797363281250e+01
-5.795603179931640625e+01 5.795603179931640625e+01
-4.936561584472656250e+00 4.936561584472656250e+00
3.838290405273437500e+01 -3.838290405273437500e+01
2.089966583251953125e+01 -2.089966583251953125e+01
-9.555308532714843750e+01 9.555308532714843750e+01
3.480064392089843750e+01 -3.480064392089843750e+01
-6.136130523681640625e+01 6.136130523681640625e+01
-7.523565673828125000e+01 7.523565673828125000e+01
-5.944034957885742188e+01 5.944034957885742188e+01
3.889152526855468750e+01 -3.889152526855468750e+01
1.232469177246093750e+01 -1.232469177246093750e+01
-9.834602355957031250e+00 9.834602355957031250e+00
1.104575347900390625e+01 -1.104575347900390625e+01
-2.361783599853515625e+01 2.361783599853515625e+01
1.404522705078125000e+01 -1.404522705078125000e+01
-2.169471740722656250e+01 2.169471740722656250e+01
1.720088958740234375e+01 -1.720088958740234375e+01
5.245173645019531250e+01 -5.245173645019531250e+01
2.303066253662109375e+01 -2.303066253662109375e+01
-5.835310363769531250e+01 5.835310363769531250e+01
-7.494767761230468750e+01 7.494767761230468750e+01
-8.273882293701171875e+01 8.273882293701171875e+01
2.803421020507812500e+01 -2.803421020507812500e+01
2.636627197265625000e+00 -2.636627197265625000e+00
-7.724737548828125000e+01 7.724737548828125000e+01
-3.055049133300781250e+01 3.055049133300781250e+01
2.966114807128906250e+01 -2.966114807128906250e+01
-2.370603179931640625e+01 2.370603179931640625e+01
-4.925471496582031250e+01 4.925471496582031250e+01
-2.920738983154296875e+01 2.920738983154296875e+01
8.877113342285156250e+01 -8.877113342285156250e+01
-1.365814208984375000e+01 1.365814208984375000e+01
-9.077754211425781250e+01 9.077754211425781250e+01
1.284065246582031250e+00 -1.284065246582031250e+00
4.460244750976562500e+01 -4.460244750976562500e+01
8.213546752929687500e+01 -8.213546752929687500e+01
-1.917502593994140625e+01 1.917502593994140625e+01
-6.071883010864257812e+01 6.071883010864257812e+01
-5.088234710693359375e+01 5.088234710693359375e+01
6.245187377929687500e+01 -6.245187377929687500e+01
-6.088294982910156250e+00 6.088294982910156250e+00
-3.338986968994140625e+01 3.338986968994140625e+01
6.379986572265625000e+01 -6.379986572265625000e+01
6.775119018554687500e+01 -6.775119018554687500e+01
4.107852172851562500e+01 -4.107852172851562500e+01
-5.851462936401367188e+01 5.851462936401367188e+01
-1.210824584960937500e+01 1.210824584960937500e+01
-9.141343688964843750e+01 9.141343688964843750e+01
1.609635162353515625e+01 -1.609635162353515625e+01
6.311872863769531250e+01 -6.311872863769531250e+01
-3.159640502929687500e+01 3.159640502929687500e+01
-1.096057891845703125e+01 1.096057891845703125e+01
-7.572821044921875000e+01 7.572821044921875000e+01
5.682234191894531250e+01 -5.682234191894531250e+01
-4.683831787109375000e+01 4.683831787109375000e+01
1.460177612304687500e+01 -1.460177612304687500e+01
3.544685363769531250e+00 -3.544685363769531250e+00
-7.481807708740234375e+01 7.481807708740234375e+01
-7.262258148193359375e+01 7.262258148193359375e+01
2.499443054199218750e+01 -2.499443054199218750e+01
-8.456024932861328125e+01 8.456024932861328125e+01
6.531625366210937500e+01 -6.531625366210937500e+01
5.602444458007812500e+01 -5.602444458007812500e+01
9.329589843750000000e+00 -9.329589843750000000e+00
-6.389571380615234375e+01 6.389571380615234375e+01
9.580291748046875000e+00 -9.580291748046875000e+00
6.636245727539062500e+01 -6.636245727539062500e+01
5.184033203125000000e+01 -5.184033203125000000e+01
6.601086425781250000e+01 -6.601086425781250000e+01
-6.759603881835937500e+01 6.759603881835937500e+01
-2.941996765136718750e+01 2.941996765136718750e+01
5.713409423828125000e+01 -5.713409423828125000e+01
4.371902465820312500e+01 -4.371902465820312500e+01
-4.538714981079101562e+01 4.538714981079101562e+01
-4.052928161621093750e+01 4.052928161621093750e+01
3.250476074218750000e+01 -3.250476074218750000e+01
-8.072673034667968750e+01 8.072673034667968750e+01
2.248527526855468750e+00 -2.248527526855468750e+00
5.463844299316406250e+01 -5.463844299316406250e+01
-8.041358947753906250e+01 8.041358947753906250e+01
8.332058715820312500e+01 -8.332058715820312500e+01
-4.324927520751953125e+01 4.324927520751953125e+01
-5.768585205078125000e-01 5.768585205078125000e-01
2.869259643554687500e+01 -2.869259643554687500e+01
9.435336303710937500e+01 -9.435336303710937500e+01
3.048878479003906250e+01 -3.048878479003906250e+01
5.724688720703125000e+01 -5.724688720703125000e+01
1.368584442138671875e+01 -1.368584442138671875e+01
2.017296600341796875e+01 -2.017296600341796875e+01
-8.846099853515625000e+01 8.846099853515625000e+01
7.143331909179687500e+01 -7.143331909179687500e+01
1.656454467773437500e+01 -1.656454467773437500e+01
4.391313171386718750e+01 -4.391313171386718750e+01
-8.177627563476562500e+01 8.177627563476562500e+01
-7.154380798339843750e+00 7.154380798339843750e+00
2.341154479980468750e+01 -2.341154479980468750e+01
-9.456153869628906250e+01 9.456153869628906250e+01
7.224719238281250000e+01 -7.224719238281250000e+01
9.332206726074218750e+01 -9.332206726074218750e+01
-3.800308227539062500e+01 3.800308227539062500e+01
1.670868682861328125e+01 -1.670868682861328125e+01
-9.284796905517578125e+01 9.284796905517578125e+01
-9.802749633789062500e+01 9.802749633789062500e+01
3.920272827148437500e+01 -3.920272827148437500e+01
-1.100206756591796875e+01 1.100206756591796875e+01
-9.333643341064453125e+01 9.333643341064453125e+01
-9.174536132812500000e+01 9.174536132812500000e+01
-7.646217346191406250e+01 7.646217346191406250e+01
6.164880371093750000e+01 -6.164880371093750000e+01
-1.584122467041015625e+01 1.584122467041015625e+01
-4.665825271606445312e+01 4.665825271606445312e+01
-2.857786560058593750e+01 2.857786560058593750e+01
7.822987365722656250e+01 -7.822987365722656250e+01
-3.529375457763671875e+01 3.529375457763671875e+01
-9.731774139404296875e+01 9.731774139404296875e+01
7.694186401367187500e+01 -7.694186401367187500e+01
3.763729858398437500e+01 -3.763729858398437500e+01
6.375576782226562500e+01 -6.375576782226562500e+01
-5.775092697143554688e+01 5.775092697143554688e+01
-2.378754425048828125e+01 2.378754425048828125e+01
-2.024795532226562500e+00 2.024795532226562500e+00
4.772814941406250000e+01 -4.772814941406250000e+01
7.281106567382812500e+01 -7.281106567382812500e+01
-2.511834716796875000e+01 2.511834716796875000e+01
1.448243713378906250e+01 -1.448243713378906250e+01
-4.613694000244140625e+01 4.613694000244140625e+01
9.684629821777343750e+01 -9.684629821777343750e+01
-8.197221374511718750e+01 8.197221374511718750e+01
-8.471961212158203125e+01 8.471961212158203125e+01
2.988880920410156250e+01 -2.988880920410156250e+01
-5.047573471069335938e+01 5.047573471069335938e+01
1.396957397460937500e+00 -1.396957397460937500e+00
-7.899153900146484375e+01 7.899153900146484375e+01
5.142066955566406250e+01 -5.142066955566406250e+01
-1.677457427978515625e+01 1.677457427978515625e+01
-7.409816741943359375e+01 7.409816741943359375e+01
8.297935485839843750e+00 -8.297935485839843750e+00
2.716679382324218750e+01 -2.716679382324218750e+01
2.293669891357421875e+01 -2.293669891357421875e+01
7.364295959472656250e+00 -7.364295959472656250e+00
4.957897949218750000e+01 -4.957897949218750000e+01
9.454945373535156250e+01 -9.454945373535156250e+01
5.365586853027343750e+01 -5.365586853027343750e+01
-2.732254028320312500e+00 2.732254028320312500e+00
-6.050174713134765625e+01 6.050174713134765625e+01
8.241378784179687500e+01 -8.241378784179687500e+01
-6.609130859375000000e+00 6.609130859375000000e+00
-2.993944549560546875e+01 2.993944549560546875e+01
7.012110900878906250e+01 -7.012110900878906250e+01
3.998257446289062500e+01 -3.998257446289062500e+01
-3.172898101806640625e+01 3.172898101806640625e+01
2.908296203613281250e+01 -2.908296203613281250e+01
-6.934814453125000000e+00 6.934814453125000000e+00
-2.560099792480468750e+01 2.560099792480468750e+01
9.012219238281250000e+01 -9.012219238281250000e+01
-7.375959777832031250e+01 7.375959777832031250e+01
4.352345275878906250e+01 -4.352345275878906250e+01
-7.098713684082031250e+01 7.098713684082031250e+01
1.363327789306640625e+01 -1.363327789306640625e+01
2.051207733154296875e+01 -2.051207733154296875e+01
1.571419525146484375e+01 -1.571419525146484375e+01
1.151640319824218750e+01 -1.151640319824218750e+01
-4.875621795654296875e+01 4.875621795654296875e+01
7.897167968750000000e+01 -7.897167968750000000e+01
3.206613159179687500e+01 -3.206613159179687500e+01
-9.845270538330078125e+01 9.845270538330078125e+01
4.925613403320312500e+01 -4.925613403320312500e+01
9.763801574707031250e+01 -9.763801574707031250e+01
1.742628479003906250e+01 -1.742628479003906250e+01
-1.750266265869140625e+01 1.750266265869140625e+01
8.229895019531250000e+01 -8.229895019531250000e+01
7.431991577148437500e+01 -7.431991577148437500e+01
7.352210998535156250e+01 -7.352210998535156250e+01
-7.811977386474609375e+01 7.811977386474609375e+01
7.858119201660156250e+01 -7.858119201660156250e+01
-1.773274993896484375e+01 1.773274993896484375e+01
-2.838659667968750000e+01 2.838659667968750000e+01
2.400228118896484375e+01 -2.400228118896484375e+01
-6.229417800903320312e+01 6.229417800903320312e+01
9.330627441406250000e+01 -9.330627441406250000e+01
5.275955200195312500e+01 -5.275955200195312500e+01
9.803872680664062500e+01 -9.803872680664062500e+01
-7.799862670898437500e+01 7.799862670898437500e+01
-5.493215560913085938e+01 5.493215560913085938e+01
6.525540161132812500e+01 -6.525540161132812500e+01
-7.636634063720703125e+01 7.636634063720703125e+01
-3.590819549560546875e+01 3.590819549560546875e+01
7.533564758300781250e+01 -7.533564758300781250e+01
-8.026021575927734375e+01 8.026021575927734375e+01
5.042155456542968750e+01 -5.042155456542968750e+01
-1.290953063964843750e+01 1.290953063964843750e+01
-8.713258361816406250e+01 8.713258361816406250e+01
-6.468811798095703125e+01 6.468811798095703125e+01
-5.481027221679687500e+01 5.481027221679687500e+01
7.973619079589843750e+01 -7.973619079589843750e+01
2.029967498779296875e+01 -2.029967498779296875e+01
-5.104138946533203125e+01 5.104138946533203125e+01
2.396304321289062500e+01 -2.396304321289062500e+01
-9.762680053710937500e+01 9.762680053710937500e+01
-3.428405761718750000e+01 3.428405761718750000e+01
-9.307485198974609375e+01 9.307485198974609375e+01
-6.120400619506835938e+01 6.120400619506835938e+01
-1.440274810791015625e+01 1.440274810791015625e+01
6.030477905273437500e+01 -6.030477905273437500e+01
9.954986572265625000e+00 -9.954986572265625000e+00
-2.242790222167968750e+01 2.242790222167968750e+01
-9.755623626708984375e+01 9.755623626708984375e+01
9.086648559570312500e+01 -9.086648559570312500e+01
-8.126258850097656250e+01 8.126258850097656250e+01
-8.723690032958984375e+01 8.723690032958984375e+01
-5.822553634643554688e+01 5.822553634643554688e+01
8.109860229492187500e+01 -8.109860229492187500e+01
-4.797626113891601562e+01 4.797626113891601562e+01
2.539820861816406250e+01 -2.539820861816406250e+01
-4.984321594238281250e+00 4.984321594238281250e+00
-6.136758804321289062e+01 6.136758804321289062e+01
3.629440307617187500e+01 -3.629440307617187500e+01
5.006509399414062500e+01 -5.006509399414062500e+01
1.396223449707031250e+01 -1.396223449707031250e+01
-2.805425262451171875e+01 2.805425262451171875e+01
2.327480316162109375e+01 -2.327480316162109375e+01
-2.309492492675781250e+01 2.309492492675781250e+01
-5.003255844116210938e+01 5.003255844116210938e+01
-1.201450347900390625e+01 1.201450347900390625e+01
7.552574157714843750e+01 -7.552574157714843750e+01
-2.688735961914062500e+01 2.688735961914062500e+01
5.621127319335937500e+01 -5.621127319335937500e+01
-8.443910980224609375e+01 8.443910980224609375e+01
-5.841090393066406250e+01 5.841090393066406250e+01
6.868974304199218750e+01 -6.868974304199218750e+01
7.037568664550781250e+01 -7.037568664550781250e+01
-5.199134826660156250e+01 5.199134826660156250e+01
-3.839179992675781250e+00 3.839179992675781250e+00
4.817671203613281250e+01 -4.817671203613281250e+01
9.932504272460937500e+01 -9.932504272460937500e+01
-6.445850372314453125e+01 6.445850372314453125e+01
4.771968078613281250e+01 -4.771968078613281250e+01
3.397660827636718750e+01 -3.397660827636718750e+01
-8.348717498779296875e+01 8.348717498779296875e+01
-5.806366729736328125e+01 5.806366729736328125e+01
-8.525434112548828125e+01 8.525434112548828125e+01
7.552514648437500000e+01 -7.552514648437500000e+01
1.530435180664062500e+01 -1.530435180664062500e+01
8.813252258300781250e+01 -8.813252258300781250e+01
-6.024722290039062500e+01 6.024722290039062500e+01
4.590684509277343750e+01 -4.590684509277343750e+01
-3.781191635131835938e+01 3.781191635131835938e+01
-7.276780700683593750e+01 7.276780700683593750e+01
-5.716379928588867188e+01 5.716379928588867188e+01
9.193983459472656250e+01 -9.193983459472656250e+01
-4.896888732910156250e+00 4.896888732910156250e+00
-5.411582565307617188e+01 5.411582565307617188e+01
6.929634094238281250e+00 -6.929634094238281250e+00
-4.291936874389648438e+01 4.291936874389648438e+01
3.816574096679687500e+01 -3.816574096679687500e+01
-1.845725250244140625e+01 1.845725250244140625e+01
1.658049011230468750e+01 -1.658049011230468750e+01
9.601536560058593750e+01 -9.601536560058593750e+01
-8.481009674072265625e+01 8.481009674072265625e+01
7.949252319335937500e+01 -7.949252319335937500e+01
-5.267963790893554688e+01 5.267963790893554688e+01
8.939865112304687500e+00 -8.939865112304687500e+00
2.650347900390625000e+01 -2.650347900390625000e+01
6.867721557617187500e+01 -6.867721557617187500e+01
-5.683571243286132812e+01 5.683571243286132812e+01
-9.806446075439453125e+01 9.806446075439453125e+01
-7.683383178710937500e+01 7.683383178710937500e+01
4.020819091796875000e+01 -4.020819091796875000e+01
9.815257263183593750e+01 -9.815257263183593750e+01
3.461470031738281250e+01 -3.461470031738281250e+01
3.448815917968750000e+01 -3.448815917968750000e+01
2.467507171630859375e+01 -2.467507171630859375e+01
-1.106040954589843750e+00 1.106040954589843750e+00
-1.222312164306640625e+01 1.222312164306640625e+01
4.462310791015625000e+01 -4.462310791015625000e+01
-1.555755615234375000e+01 1.555755615234375000e+01
7.970034790039062500e+01 -7.970034790039062500e+01
-4.357986450195312500e+01 4.357986450195312500e+01
9.281176757812500000e+01 -9.281176757812500000e+01
3.052879333496093750e+01 -3.052879333496093750e+01
-4.659337997436523438e+01 4.659337997436523438e+01
1.822767639160156250e+01 -1.822767639160156250e+01
5.359407043457031250e+01 -5.359407043457031250e+01
6.755763244628906250e+01 -6.755763244628906250e+01
-8.804087829589843750e+01 8.804087829589843750e+01
9.363563537597656250e+01 -9.363563537597656250e+01
-7.088449096679687500e+01 7.088449096679687500e+01
1.294600677490234375e+01 -1.294600677490234375e+01
-7.623516082763671875e+01 7.623516082763671875e+01
2.614623260498046875e+01 -2.614623260498046875e+01
8.687948608398437500e+01 -8.687948608398437500e+01
9.405567932128906250e+01 -9.405567932128906250e+01
6.961819458007812500e+01 -6.961819458007812500e+01
-8.178450012207031250e+01 8.178450012207031250e+01
4.720472717285156250e+01 -4.720472717285156250e+01
2.478709411621093750e+01 -2.478709411621093750e+01
-4.085731506347656250e+01 4.085731506347656250e+01
-7.137664794921875000e+00 7.137664794921875000e+00
-4.872777938842773438e+01 4.872777938842773438e+01
2.172504425048828125e+01 -2.172504425048828125e+01
4.720651245117187500e+01 -4.720651245117187500e+01
-1.309326171875000000e+00 1.309326171875000000e+00
-5.234059906005859375e+01 5.234059906005859375e+01
6.454389953613281250e+01 -6.454389953613281250e+01
9.362973022460937500e+01 -9.362973022460937500e+01
9.452441406250000000e+01 -9.452441406250000000e+01
4.876666259765625000e+01 -4.876666259765625000e+01
4.736180114746093750e+01 -4.736180114746093750e+01
4.014752197265625000e+01 -4.014752197265625000e+01
3.956997680664062500e+01 -3.956997680664062500e+01
-2.258069610595703125e+01 2.258069610595703125e+01
3.121867370605468750e+01 -3.121867370605468750e+01
9.316596984863281250e+01 -9.316596984863281250e+01
1.769339752197265625e+01 -1.769339752197265625e+01
-1.266532897949218750e+01 1.266532897949218750e+01
-5.199001312255859375e+01 5.199001312255859375e+01
-4.103582000732421875e+01 4.103582000732421875e+01
7.327899169921875000e+01 -7.327899169921875000e+01
4.980682373046875000e+01 -4.980682373046875000e+01
-7.792623901367187500e+01 7.792623901367187500e+01
3.601675415039062500e+01 -3.601675415039062500e+01
-6.646820068359375000e+00 6.646820068359375000e+00
7.406686401367187500e+01 -7.406686401367187500e+01
-8.549574279785156250e+01 8.549574279785156250e+01
1.342269134521484375e+01 -1.342269134521484375e+01
2.190905761718750000e+01 -2.190905761718750000e+01
-5.086432266235351562e+01 5.086432266235351562e+01
4.707612609863281250e+01 -4.707612609863281250e+01
2.074599456787109375e+01 -2.074599456787109375e+01
6.185603332519531250e+01 -6.185603332519531250e+01
-3.429470062255859375e+01 3.429470062255859375e+01
7.001220703125000000e+01 -7.001220703125000000e+01
-6.583280181884765625e+01 6.583280181884765625e+01
3.527474975585937500e+01 -3.527474975585937500e+01
1.281783294677734375e+01 -1.281783294677734375e+01
6.291885375976562500e-01 -6.291885375976562500e-01
8.937803649902343750e+01 -8.937803649902343750e+01
8.961746215820312500e+00 -8.961746215820312500e+00
4.298452758789062500e+01 -4.298452758789062500e+01
-5.045728302001953125e+01 5.045728302001953125e+01
9.742962646484375000e+01 -9.742962646484375000e+01
-9.636522674560546875e+01 9.636522674560546875e+01
4.251243591308593750e+01 -4.251243591308593750e+01
8.393785095214843750e+01 -8.393785095214843750e+01
1.351788330078125000e+01 -1.351788330078125000e+01
-8.141084289550781250e+01 8.141084289550781250e+01
8.894705200195312500e+01 -8.894705200195312500e+01
1.024508666992187500e+01 -1.024508666992187500e+01
4.032757568359375000e+01 -4.032757568359375000e+01
-7.950094604492187500e+01 7.950094604492187500e+01
-1.629577636718750000e+00 1.629577636718750000e+00
2.122167205810546875e+01 -2.122167205810546875e+01
3.190554809570312500e+01 -3.190554809570312500e+01
-6.969640350341796875e+01 6.969640350341796875e+01
2.572790527343750000e+01 -2.572790527343750000e+01
4.901031494140625000e+01 -4.901031494140625000e+01
-5.045317840576171875e+01 5.045317840576171875e+01
4.767300415039062500e+01 -4.767300415039062500e+01
-5.328944015502929688e+01 5.328944015502929688e+01
4.754420471191406250e+01 -4.754420471191406250e+01
2.782090759277343750e+01 -2.782090759277343750e+01
-4.700908660888671875e+01 4.700908660888671875e+01
-9.330055236816406250e+01 9.330055236816406250e+01
4.741104125976562500e+01 -4.741104125976562500e+01
-4.829480743408203125e+01 4.829480743408203125e+01
-5.232971191406250000e+01 5.232971191406250000e+01
3.900427246093750000e+01 -3.900427246093750000e+01
3.638706970214843750e+01 -3.638706970214843750e+01
3.269258117675781250e+01 -3.269258117675781250e+01
-3.203445434570312500e+00 3.203445434570312500e+00
7.098336791992187500e+01 -7.098336791992187500e+01
3.760046386718750000e+01 -3.760046386718750000e+01
-5.461548614501953125e+01 5.461548614501953125e+01
-2.947148895263671875e+01 2.947148895263671875e+01
-7.223818206787109375e+01 7.223818206787109375e+01
-8.331165313720703125e+01 8.331165313720703125e+01
2.569603729248046875e+01 -2.569603729248046875e+01
-3.710342407226562500e+00 3.710342407226562500e+00
-5.664454650878906250e+01 5.664454650878906250e+01
7.259054565429687500e+01 -7.259054565429687500e+01
-3.344247436523437500e+01 3.344247436523437500e+01
7.641914367675781250e+00 -7.641914367675781250e+00
-5.345469665527343750e+01 5.345469665527343750e+01
-8.313023376464843750e+01 8.313023376464843750e+01
-9.880615997314453125e+01 9.880615997314453125e+01
3.919300842285156250e+01 -3.919300842285156250e+01
2.420397949218750000e+01 -2.420397949218750000e+01
-3.305991363525390625e+01 3.305991363525390625e+01
-5.493935012817382812e+01 5.493935012817382812e+01
7.987536621093750000e+01 -7.987536621093750000e+01
2.767503356933593750e+01 -2.767503356933593750e+01
-3.068261718750000000e+01 3.068261718750000000e+01
-3.703179168701171875e+01 3.703179168701171875e+01
-7.745874023437500000e+01 7.745874023437500000e+01
-1.778177642822265625e+01 1.778177642822265625e+01
-6.487670898437500000e+01 6.487670898437500000e+01
-1.537848663330078125e+01 1.537848663330078125e+01
2.761724090576171875e+01 -2.761724090576171875e+01
-7.262413787841796875e+01 7.262413787841796875e+01
-6.002728271484375000e+01 6.002728271484375000e+01
2.635600280761718750e+01 -2.635600280761718750e+01
3.663185119628906250e+00 -3.663185119628906250e+00
4.916336059570312500e+00 -4.916336059570312500e+00
-7.671729278564453125e+01 7.671729278564453125e+01
-2.302043151855468750e+01 2.302043151855468750e+01
6.834440612792968750e+01 -6.834440612792968750e+01
-4.550322723388671875e+01 4.550322723388671875e+01
-8.367989349365234375e+01 8.367989349365234375e+01
5.333786010742187500e-01 -5.333786010742187500e-01
-1.843154144287109375e+01 1.843154144287109375e+01
-8.770141601562500000e+00 8.770141601562500000e+00
7.630368041992187500e+01 -7.630368041992187500e+01
-9.387210845947265625e+01 9.387210845947265625e+01
7.473240661621093750e+01 -7.473240661621093750e+01
2.080565643310546875e+01 -2.080565643310546875e+01
-5.416839599609375000e+01 5.416839599609375000e+01
-5.203216171264648438e+01 5.203216171264648438e+01
-8.286714172363281250e+01 8.286714172363281250e+01
1.402079772949218750e+01 -1.402079772949218750e+01
-9.527497863769531250e+01 9.527497863769531250e+01
-1.023809051513671875e+01 1.023809051513671875e+01
7.445706176757812500e+01 -7.445706176757812500e+01
2.725798797607421875e+01 -2.725798797607421875e+01
3.797396850585937500e+01 -3.797396850585937500e+01
6.061543273925781250e+01 -6.061543273925781250e+01
6.594573974609375000e+00 -6.594573974609375000e+00
7.639074707031250000e+01 -7.639074707031250000e+01
7.327645874023437500e+01 -7.327645874023437500e+01
1.506658935546875000e+01 -1.506658935546875000e+01
3.041804504394531250e+01 -3.041804504394531250e+01
9.705497741699218750e+00 -9.705497741699218750e+00
5.076586914062500000e+01 -5.076586914062500000e+01
-2.989608764648437500e+01 2.989608764648437500e+01
-1.052282714843750000e+01 1.052282714843750000e+01
8.739643859863281250e+01 -8.739643859863281250e+01
4.569023132324218750e+01 -4.569023132324218750e+01
-7.764139556884765625e+01 7.764139556884765625e+01
2.261053466796875000e+01 -2.261053466796875000e+01
9.040417480468750000e+01 -9.040417480468750000e+01
-4.498953247070312500e+01 4.498953247070312500e+01
-2.446862792968750000e+01 2.446862792968750000e+01
-1.006307983398437500e+01 1.006307983398437500e+01
3.111442565917968750e+00 -3.111442565917968750e+00
9.669921875000000000e+01 -9.669921875000000000e+01
1.710156250000000000e+01 -1.710156250000000000e+01
-4.329077529907226562e+01 4.329077529907226562e+01
3.818559265136718750e+01 -3.818559265136718750e+01
6.369073486328125000e+01 -6.369073486328125000e+01
-9.551063537597656250e+00 9.551063537597656250e+00
5.310601806640625000e+01 -5.310601806640625000e+01
6.876921081542968750e+01 -6.876921081542968750e+01
3.219934082031250000e+01 -3.219934082031250000e+01
-2.455504608154296875e+01 2.455504608154296875e+01
8.692559814453125000e+01 -8.692559814453125000e+01
5.638218688964843750e+01 -5.638218688964843750e+01
5.499127197265625000e+01 -5.499127197265625000e+01
8.656524658203125000e+00 -8.656524658203125000e+00
2.287828063964843750e+01 -2.287828063964843750e+01
2.114852905273437500e+01 -2.114852905273437500e+01
-3.489531707763671875e+01 3.489531707763671875e+01
6.462155151367187500e+01 -6.462155151367187500e+01
-9.586164855957031250e+01 9.586164855957031250e+01
-6.892727661132812500e+01 6.892727661132812500e+01
8.523078918457031250e+01 -8.523078918457031250e+01
-1.665100097656250000e+01 1.665100097656250000e+01
-9.004125213623046875e+01 9.004125213623046875e+01
7.276567077636718750e+01 -7.276567077636718750e+01
3.963037109375000000e+01 -3.963037109375000000e+01
-3.503862762451171875e+01 3.503862762451171875e+01
-1.725128936767578125e+01 1.725128936767578125e+01
8.705413818359375000e+01 -8.705413818359375000e+01
9.847460937500000000e+01 -9.847460937500000000e+01
8.389704895019531250e+01 -8.389704895019531250e+01
4.546661376953125000e+01 -4.546661376953125000e+01
1.663330078125000000e+00 -1.663330078125000000e+00
-7.851013183593750000e+01 7.851013183593750000e+01
-5.142395019531250000e+01 5.142395019531250000e+01
-3.285163879394531250e+01 3.285163879394531250e+01
-6.250962829589843750e+01 6.250962829589843750e+01
-9.702263641357421875e+01 9.702263641357421875e+01
6.846392822265625000e+01 -6.846392822265625000e+01
9.380436706542968750e+01 -9.380436706542968750e+01
-3.878734207153320312e+01 3.878734207153320312e+01
-7.404811096191406250e+01 7.404811096191406250e+01
5.830293273925781250e+01 -5.830293273925781250e+01
-5.409566879272460938e+01 5.409566879272460938e+01
-6.276840972900390625e+01 6.276840972900390625e+01
-8.993479156494140625e+01 8.993479156494140625e+01
-9.000951385498046875e+01 9.000951385498046875e+01
1.926509094238281250e+01 -1.926509094238281250e+01
3.813279724121093750e+01 -3.813279724121093750e+01
-3.360932922363281250e+01 3.360932922363281250e+01
-9.691491699218750000e+01 9.691491699218750000e+01
-1.524139404296875000e+00 1.524139404296875000e+00
-3.786346435546875000e+00 3.786346435546875000e+00
-5.055707931518554688e+01 5.055707931518554688e+01
1.886431884765625000e+01 -1.886431884765625000e+01
7.756468200683593750e+01 -7.756468200683593750e+01
8.726744079589843750e+01 -8.726744079589843750e+01
2.192420959472656250e+01 -2.192420959472656250e+01
-2.400775909423828125e+01 2.400775909423828125e+01
7.799037170410156250e+01 -7.799037170410156250e+01
-6.632781982421875000e+01 6.632781982421875000e+01
5.124574279785156250e+01 -5.124574279785156250e+01
-9.831661987304687500e+01 9.831661987304687500e+01
-7.986299133300781250e+01 7.986299133300781250e+01
6.704505920410156250e+00 -6.704505920410156250e+00
2.114347076416015625e+01 -2.114347076416015625e+01
-8.595863342285156250e+00 8.595863342285156250e+00
8.851036071777343750e+01 -8.851036071777343750e+01
-9.615662384033203125e+01 9.615662384033203125e+01
-9.185715484619140625e+01 9.185715484619140625e+01
-3.295022583007812500e+01 3.295022583007812500e+01
-1.674285888671875000e+00 1.674285888671875000e+00
-2.817041015625000000e+01 2.817041015625000000e+01
-9.904196929931640625e+01 9.904196929931640625e+01
-6.873265838623046875e+01 6.873265838623046875e+01
-3.203586578369140625e+01 3.203586578369140625e+01
9.490202331542968750e+01 -9.490202331542968750e+01
-9.433723449707031250e+01 9.433723449707031250e+01
-8.730879974365234375e+01 8.730879974365234375e+01
8.478260803222656250e+01 -8.478260803222656250e+01
-9.043232727050781250e+01 9.043232727050781250e+01
4.386410522460937500e+01 -4.386410522460937500e+01
-4.686614990234375000e+01 4.686614990234375000e+01
1.244947814941406250e+01 -1.244947814941406250e+01
8.598200988769531250e+01 -8.598200988769531250e+01
-9.271486663818359375e+01 9.271486663818359375e+01
3.073092651367187500e+01 -3.073092651367187500e+01
-6.210152053833007812e+01 6.210152053833007812e+01
6.073545837402343750e+01 -6.073545837402343750e+01
9.736581420898437500e+01 -9.736581420898437500e+01
7.319142150878906250e+01 -7.319142150878906250e+01
5.756520080566406250e+01 -5.756520080566406250e+01
-4.389502334594726562e+01 4.389502334594726562e+01
-4.921490478515625000e+01 4.921490478515625000e+01
7.861505126953125000e+01 -7.861505126953125000e+01
9.609371948242187500e+01 -9.609371948242187500e+01
-1.821676635742187500e+01 1.821676635742187500e+01
-8.611016845703125000e+01 8.611016845703125000e+01
-1.426000213623046875e+01 1.426000213623046875e+01
6.623432922363281250e+01 -6.623432922363281250e+01
-9.512705230712890625e+01 9.512705230712890625e+01
3.241195678710937500e+00 -3.241195678710937500e+00
-2.883975219726562500e+01 2.883975219726562500e+01
6.916343688964843750e+01 -6.916343688964843750e+01
-3.897154998779296875e+01 3.897154998779296875e+01
-2.021252441406250000e+01 2.021252441406250000e+01
3.323683166503906250e+01 -3.323683166503906250e+01
7.738220214843750000e+00 -7.738220214843750000e+00
6.745547485351562500e+01 -6.745547485351562500e+01
-6.690419006347656250e+01 6.690419006347656250e+01
-5.604407501220703125e+01 5.604407501220703125e+01
2.935682678222656250e+01 -2.935682678222656250e+01
3.043919372558593750e+01 -3.043919372558593750e+01
9.369627380371093750e+01 -9.369627380371093750e+01
1.560033416748046875e+01 -1.560033416748046875e+01
-6.633958435058593750e+01 6.633958435058593750e+01
1.823722839355468750e+00 -1.823722839355468750e+00
5.012121582031250000e+01 -5.012121582031250000e+01
-5.439159393310546875e+01 5.439159393310546875e+01
7.148565673828125000e+01 -7.148565673828125000e+01
7.780349731445312500e+00 -7.780349731445312500e+00
1.690119171142578125e+01 -1.690119171142578125e+01
5.725628662109375000e+01 -5.725628662109375000e+01
-5.750022888183593750e+00 5.750022888183593750e+00
-4.418367767333984375e+01 4.418367767333984375e+01
-9.558505249023437500e+01 9.558505249023437500e+01
-6.166902160644531250e+01 6.166902160644531250e+01
-3.251267242431640625e+01 3.251267242431640625e+01
7.295227050781250000e-02 -7.295227050781250000e-02
8.419898986816406250e+01 -8.419898986816406250e+01
-4.801515960693359375e+01 4.801515960693359375e+01
5.894671630859375000e+01 -5.894671630859375000e+01
-9.382933807373046875e+01 9.382933807373046875e+01
9.782167053222656250e+01 -9.782167053222656250e+01
-8.593338012695312500e+01 8.593338012695312500e+01
7.815429687500000000e+01 -7.815429687500000000e+01
-9.923204803466796875e+01 9.923204803466796875e+01
4.213789367675781250e+01 -4.213789367675781250e+01
-4.252555847167968750e+00 4.252555847167968750e+00
4.992797851562500000e+01 -4.992797851562500000e+01
-2.824466705322265625e+01 2.824466705322265625e+01
-6.001601409912109375e+01 6.001601409912109375e+01
8.030844116210937500e+01 -8.030844116210937500e+01
1.309984588623046875e+01 -1.309984588623046875e+01
-2.561743927001953125e+01 2.561743927001953125e+01
-4.873171615600585938e+01 4.873171615600585938e+01
-5.452969360351562500e+01 5.452969360351562500e+01
7.518875122070312500e+01 -7.518875122070312500e+01
-1.054983520507812500e+01 1.054983520507812500e+01
-8.193508911132812500e+01 8.193508911132812500e+01
3.870486450195312500e+01 -3.870486450195312500e+01
1.979756164550781250e+01 -1.979756164550781250e+01
5.674726867675781250e+01 -5.674726867675781250e+01
-3.655685424804687500e+00 3.655685424804687500e+00
6.412532043457031250e+01 -6.412532043457031250e+01
4.735461425781250000e+01 -4.735461425781250000e+01
-5.608528137207031250e+01 5.608528137207031250e+01
7.637118530273437500e+01 -7.637118530273437500e+01
2.287567138671875000e+00 -2.287567138671875000e+00
-5.554606246948242188e+01 5.554606246948242188e+01
-9.976292419433593750e+01 9.976292419433593750e+01
-4.406967926025390625e+01 4.406967926025390625e+01
1.870963287353515625e+01 -1.870963287353515625e+01
9.591012573242187500e+01 -9.591012573242187500e+01
-8.168774414062500000e+01 8.168774414062500000e+01
-3.311174774169921875e+01 3.311174774169921875e+01
-7.938771057128906250e+01 7.938771057128906250e+01
-6.748161315917968750e+01 6.748161315917968750e+01
-1.564436340332031250e+01 1.564436340332031250e+01
5.573716735839843750e+01 -5.573716735839843750e+01
-3.332662963867187500e+01 3.332662963867187500e+01
7.443734741210937500e+01 -7.443734741210937500e+01
-1.345960235595703125e+01 1.345960235595703125e+01
5.298139953613281250e+01 -5.298139953613281250e+01
-6.022551345825195312e+01 6.022551345825195312e+01
1.675369262695312500e+00 -1.675369262695312500e+00
-6.170867538452148438e+01 6.170867538452148438e+01
-5.339920043945312500e+01 5.339920043945312500e+01
-1.703887939453125000e+01 1.703887939453125000e+01
-2.773686218261718750e+01 2.773686218261718750e+01
6.166348266601562500e+01 -6.166348266601562500e+01
-4.766100692749023438e+01 4.766100692749023438e+01
6.063423156738281250e+00 -6.063423156738281250e+00
9.466171264648437500e+01 -9.466171264648437500e+01
-8.653244018554687500e+00 8.653244018554687500e+00
-4.196047210693359375e+01 4.196047210693359375e+01
7.157670593261718750e+01 -7.157670593261718750e+01
9.867823791503906250e+01 -9.867823791503906250e+01
7.695042419433593750e+01 -7.695042419433593750e+01
-9.156858825683593750e+01 9.156858825683593750e+01
3.200498962402343750e+01 -3.200498962402343750e+01
-3.329551696777343750e+01 3.329551696777343750e+01
-8.940470123291015625e+01 8.940470123291015625e+01
1.200356292724609375e+01 -1.200356292724609375e+01
5.858157348632812500e+01 -5.858157348632812500e+01
-9.627638244628906250e+01 9.627638244628906250e+01
2.129419708251953125e+01 -2.129419708251953125e+01
-1.294883728027343750e+01 1.294883728027343750e+01
-2.662458801269531250e+01 2.662458801269531250e+01
8.158015441894531250e+01 -8.158015441894531250e+01
8.192691040039062500e+01 -8.192691040039062500e+01
3.619979858398437500e+00 -3.619979858398437500e+00
9.142529296875000000e+01 -9.142529296875000000e+01
4.017726135253906250e+01 -4.017726135253906250e+01
-1.189505767822265625e+01 1.189505767822265625e+01
9.757652282714843750e+00 -9.757652282714843750e+00
9.378533935546875000e+01 -9.378533935546875000e+01
-7.015668487548828125e+01 7.015668487548828125e+01
-7.862637329101562500e+01 7.862637329101562500e+01
8.959783935546875000e+01 -8.959783935546875000e+01
-6.093487548828125000e+01 6.093487548828125000e+01
3.196861267089843750e+00 -3.196861267089843750e+00
-1.811062622070312500e+01 1.811062622070312500e+01
-5.500357055664062500e+01 5.500357055664062500e+01
3.956336975097656250e+01 -3.956336975097656250e+01
-5.140776824951171875e+01 5.140776824951171875e+01
-9.783627319335937500e+01 9.783627319335937500e+01
2.613648223876953125e+01 -2.613648223876953125e+01
-4.333398437500000000e+01 4.333398437500000000e+01
9.434484863281250000e+01 -9.434484863281250000e+01
4.431173706054687500e+01 -4.431173706054687500e+01
-3.401329803466796875e+01 3.401329803466796875e+01
8.788719177246093750e+00 -8.788719177246093750e+00
-7.574642944335937500e+01 7.574642944335937500e+01
1.250002288818359375e+01 -1.250002288818359375e+01
-4.417454147338867188e+01 4.417454147338867188e+01
4.290498352050781250e+01 -4.290498352050781250e+01
5.560404968261718750e+01 -5.560404968261718750e+01
1.695636749267578125e+01 -1.695636749267578125e+01
-8.573918151855468750e+01 8.573918151855468750e+01
-9.577996826171875000e+01 9.577996826171875000e+01
5.898019409179687500e+01 -5.898019409179687500e+01
3.412768554687500000e+01 -3.412768554687500000e+01
2.362799835205078125e+01 -2.362799835205078125e+01
5.213162231445312500e+01 -5.213162231445312500e+01
4.273944091796875000e+01 -4.273944091796875000e+01
-4.469129562377929688e+01 4.469129562377929688e+01
-1.067896270751953125e+01 1.067896270751953125e+01
-2.920275878906250000e+01 2.920275878906250000e+01
1.456618499755859375e+01 -1.456618499755859375e+01
3.494602966308593750e+01 -3.494602966308593750e+01
-5.460685348510742188e+01 5.460685348510742188e+01
7.296672058105468750e+01 -7.296672058105468750e+01
-3.728770065307617188e+01 3.728770065307617188e+01
6.184597778320312500e+01 -6.184597778320312500e+01
1.216461181640625000e+00 -1.216461181640625000e+00
6.600868225097656250e+00 -6.600868225097656250e+00
-3.170156860351562500e+01 3.170156860351562500e+01
-7.939905548095703125e+01 7.939905548095703125e+01
-3.595481872558593750e+01 3.595481872558593750e+01
3.683821105957031250e+01 -3.683821105957031250e+01
-7.004130554199218750e+01 7.004130554199218750e+01
-1.927615356445312500e+01 1.927615356445312500e+01
-7.516113281250000000e+01 7.516113281250000000e+01
6.516189575195312500e-01 -6.516189575195312500e-01
-9.312025451660156250e+01 9.312025451660156250e+01
5.644056701660156250e+01 -5.644056701660156250e+01
-3.672996902465820312e+01 3.672996902465820312e+01
-6.899452209472656250e+01 6.899452209472656250e+01
7.923568725585937500e+01 -7.923568725585937500e+01
-1.814800262451171875e+01 1.814800262451171875e+01
6.867784118652343750e+01 -6.867784118652343750e+01
6.074407958984375000e+01 -6.074407958984375000e+01
-2.585476684570312500e+01 2.585476684570312500e+01
-9.058178710937500000e+01 9.058178710937500000e+01
-2.887100219726562500e+01 2.887100219726562500e+01
8.951925659179687500e+01 -8.951925659179687500e+01
-3.640507507324218750e+01 3.640507507324218750e+01
2.354325103759765625e+01 -2.354325103759765625e+01
-2.240478515625000000e+00 2.240478515625000000e+00
-9.896881866455078125e+01 9.896881866455078125e+01
8.351725769042968750e+01 -8.351725769042968750e+01
7.996508789062500000e+01 -7.996508789062500000e+01
7.374885559082031250e+00 -7.374885559082031250e+00
-5.872164916992187500e+01 5.872164916992187500e+01
9.128706359863281250e+01 -9.128706359863281250e+01
-1.036933898925781250e+01 1.036933898925781250e+01
-9.303916931152343750e+01 9.303916931152343750e+01
5.087281799316406250e+01 -5.087281799316406250e+01
-5.383480072021484375e+01 5.383480072021484375e+01
-4.020479965209960938e+01 4.020479965209960938e+01
2.819519042968750000e-01 -2.819519042968750000e-01
5.631494140625000000e+01 -5.631494140625000000e+01
-4.101728057861328125e+01 4.101728057861328125e+01
-5.467055892944335938e+01 5.467055892944335938e+01
-1.854608917236328125e+01 1.854608917236328125e+01
8.557206726074218750e+01 -8.557206726074218750e+01
-3.208219146728515625e+01 3.208219146728515625e+01
8.489538574218750000e+01 -8.489538574218750000e+01
7.875128173828125000e+01 -7.875128173828125000e+01
-7.794976806640625000e+01 7.794976806640625000e+01
9.966853332519531250e+01 -9.966853332519531250e+01
8.524995422363281250e+01 -8.524995422363281250e+01
-1.230443572998046875e+01 1.230443572998046875e+01
-9.921794891357421875e+01 9.921794891357421875e+01
-1.681192779541015625e+01 1.681192779541015625e+01
-3.200565338134765625e+01 3.200565338134765625e+01
6.826866149902343750e+00 -6.826866149902343750e+00
3.238893127441406250e+01 -3.238893127441406250e+01
7.022463989257812500e+01 -7.022463989257812500e+01
3.571569824218750000e+01 -3.571569824218750000e+01
-6.888809204101562500e-01 6.888809204101562500e-01
-5.096206665039062500e+00 5.096206665039062500e+00
-1.080604553222656250e+00 1.080604553222656250e+00
7.060768127441406250e+00 -7.060768127441406250e+00
-1.285676574707031250e+01 1.285676574707031250e+01
-9.032109069824218750e+01 9.032109069824218750e+01
3.256115722656250000e+01 -3.256115722656250000e+01
7.230880737304687500e+01 -7.230880737304687500e+01
3.359352111816406250e+00 -3.359352111816406250e+00
4.280787658691406250e+01 -4.280787658691406250e+01
-6.292662429809570312e+01 6.292662429809570312e+01
-8.386749267578125000e+01 8.386749267578125000e+01
-9.272917175292968750e+01 9.272917175292968750e+01
-6.583210754394531250e+01 6.583210754394531250e+01
3.408740234375000000e+01 -3.408740234375000000e+01
-1.332313537597656250e+01 1.332313537597656250e+01
1.696580505371093750e+01 -1.696580505371093750e+01
-9.281372833251953125e+01 9.281372833251953125e+01
4.265270996093750000e+01 -4.265270996093750000e+01
6.467712402343750000e+01 -6.467712402343750000e+01
-7.907661437988281250e+01 7.907661437988281250e+01
9.818064880371093750e+01 -9.818064880371093750e+01
-7.566419982910156250e+01 7.566419982910156250e+01
2.759844970703125000e+01 -2.759844970703125000e+01
-6.284898376464843750e+01 6.284898376464843750e+01
-5.408777999877929688e+01 5.408777999877929688e+01
-8.316183471679687500e+01 8.316183471679687500e+01
4.024891662597656250e+01 -4.024891662597656250e+01
-7.412095642089843750e+01 7.412095642089843750e+01
-3.250576782226562500e+01 3.250576782226562500e+01
-1.655043029785156250e+01 1.655043029785156250e+01
-8.715296936035156250e+01 8.715296936035156250e+01
4.626533508300781250e+01 -4.626533508300781250e+01
-5.657872772216796875e+01 5.657872772216796875e+01
7.294059753417968750e+00 -7.294059753417968750e+00
9.503704833984375000e+01 -9.503704833984375000e+01
8.717474365234375000e+01 -8.717474365234375000e+01
-4.164454269409179688e+01 4.164454269409179688e+01
-3.657091140747070312e+01 3.657091140747070312e+01
-3.649868392944335938e+01 3.649868392944335938e+01
9.688862609863281250e+01 -9.688862609863281250e+01
6.398484802246093750e+01 -6.398484802246093750e+01
-5.860886383056640625e+01 5.860886383056640625e+01
-9.412071228027343750e+00 9.412071228027343750e+00
3.799320983886718750e+01 -3.799320983886718750e+01
7.537001037597656250e+01 -7.537001037597656250e+01
-7.890307617187500000e+01 7.890307617187500000e+01
8.323873901367187500e+01 -8.323873901367187500e+01
1.314076232910156250e+01 -1.314076232910156250e+01
-5.364919662475585938e+01 5.364919662475585938e+01
7.467872619628906250e+01 -7.467872619628906250e+01
-4.537531661987304688e+01 4.537531661987304688e+01
-5.514248275756835938e+01 5.514248275756835938e+01
6.371434020996093750e+01 -6.371434020996093750e+01
2.410636138916015625e+01 -2.410636138916015625e+01
3.819146728515625000e+01 -3.819146728515625000e+01
8.841104125976562500e+01 -8.841104125976562500e+01
-3.642562484741210938e+01 3.642562484741210938e+01
-8.138653564453125000e+01 8.138653564453125000e+01
5.581214904785156250e+01 -5.581214904785156250e+01
-7.488903808593750000e+01 7.488903808593750000e+01
-9.303318786621093750e+01 9.303318786621093750e+01
-7.974180603027343750e+01 7.974180603027343750e+01
8.148977661132812500e+01 -8.148977661132812500e+01
-2.919272613525390625e+01 2.919272613525390625e+01
-5.524276351928710938e+01 5.524276351928710938e+01
-6.516502380371093750e+01 6.516502380371093750e+01
-8.614770507812500000e+01 8.614770507812500000e+01
-8.087822723388671875e+01 8.087822723388671875e+01
-5.431159210205078125e+01 5.431159210205078125e+01
2.528211975097656250e+01 -2.528211975097656250e+01
-1.492309570312500000e-01 1.492309570312500000e-01
-9.465144348144531250e+01 9.465144348144531250e+01
3.610217285156250000e+01 -3.610217285156250000e+01
5.586396789550781250e+01 -5.586396789550781250e+01
5.329745483398437500e+01 -5.329745483398437500e+01
5.005928039550781250e+01 -5.005928039550781250e+01
-5.975743103027343750e+01 5.975743103027343750e+01
-8.784181213378906250e+01 8.784181213378906250e+01
7.841819763183593750e+01 -7.841819763183593750e+01
-6.529860687255859375e+01 6.529860687255859375e+01
5.687670898437500000e+01 -5.687670898437500000e+01
-8.265730285644531250e+01 8.265730285644531250e+01
2.390331268310546875e+01 -2.390331268310546875e+01
-1.770492553710937500e+01 1.770492553710937500e+01
5.138061523437500000e+01 -5.138061523437500000e+01
4.147491455078125000e-01 -4.147491455078125000e-01
-6.138787078857421875e+01 6.138787078857421875e+01
7.850486755371093750e+01 -7.850486755371093750e+01
5.893357849121093750e+01 -5.893357849121093750e+01
-3.473975372314453125e+01 3.473975372314453125e+01
-6.352257156372070312e+01 6.352257156372070312e+01
6.675956726074218750e+00 -6.675956726074218750e+00
-4.061680984497070312e+01 4.061680984497070312e+01
5.084667968750000000e+01 -5.084667968750000000e+01
7.339302062988281250e+01 -7.339302062988281250e+01
3.388061523437500000e+01 -3.388061523437500000e+01
7.860540771484375000e+01 -7.860540771484375000e+01
2.899749755859375000e+01 -2.899749755859375000e+01
9.728669738769531250e+01 -9.728669738769531250e+01
-3.549804687500000000e+01 3.549804687500000000e+01
-2.422090148925781250e+01 2.422090148925781250e+01
-8.415100097656250000e+00 8.415100097656250000e+00
-2.660906982421875000e+01 2.660906982421875000e+01
-2.191329193115234375e+01 2.191329193115234375e+01
9.170448303222656250e+01 -9.170448303222656250e+01
3.605398559570312500e+01 -3.605398559570312500e+01
1.544677734375000000e+00 -1.544677734375000000e+00
-6.844149017333984375e+01 6.844149017333984375e+01
4.863967895507812500e+01 -4.863967895507812500e+01
-2.358811187744140625e+01 2.358811187744140625e+01
-4.755788421630859375e+01 4.755788421630859375e+01
4.534828186035156250e+01 -4.534828186035156250e+01
-7.617573547363281250e+01 7.617573547363281250e+01
2.816596984863281250e+01 -2.816596984863281250e+01
5.749357604980468750e+01 -5.749357604980468750e+01
-8.321549224853515625e+01 8.321549224853515625e+01
-4.156571197509765625e+01 4.156571197509765625e+01
1.460142517089843750e+01 -1.460142517089843750e+01
8.913949584960937500e+01 -8.913949584960937500e+01
-1.933428192138671875e+01 1.933428192138671875e+01
6.704820251464843750e+01 -6.704820251464843750e+01
-4.216872024536132812e+01 4.216872024536132812e+01
1.465319061279296875e+01 -1.465319061279296875e+01
7.911616516113281250e+01 -7.911616516113281250e+01
8.199388122558593750e+01 -8.199388122558593750e+01
7.502709960937500000e+01 -7.502709960937500000e+01
2.080204772949218750e+01 -2.080204772949218750e+01
-3.003878784179687500e+01 3.003878784179687500e+01
-5.582728195190429688e+01 5.582728195190429688e+01
-2.840583038330078125e+01 2.840583038330078125e+01
-7.061579132080078125e+01 7.061579132080078125e+01
6.598045349121093750e+01 -6.598045349121093750e+01
5.387548828125000000e+01 -5.387548828125000000e+01
-1.805525207519531250e+01 1.805525207519531250e+01
4.496014404296875000e+01 -4.496014404296875000e+01
-4.714395523071289062e+01 4.714395523071289062e+01
-7.324172973632812500e+01 7.324172973632812500e+01
-5.352068710327148438e+01 5.352068710327148438e+01
-8.168370056152343750e+01 8.168370056152343750e+01
3.458613586425781250e+01 -3.458613586425781250e+01
6.103004455566406250e+00 -6.103004455566406250e+00
6.813140869140625000e+01 -6.813140869140625000e+01
6.502056884765625000e+01 -6.502056884765625000e+01
-7.639373779296875000e+01 7.639373779296875000e+01
-5.694786453247070312e+01 5.694786453247070312e+01
3.790698242187500000e+01 -3.790698242187500000e+01
-3.995429992675781250e+01 3.995429992675781250e+01
8.477484130859375000e+01 -8.477484130859375000e+01
-6.488774871826171875e+01 6.488774871826171875e+01
3.388856506347656250e+01 -3.388856506347656250e+01
-8.508113861083984375e+01 8.508113861083984375e+01
5.054983520507812500e+01 -5.054983520507812500e+01
-3.054348754882812500e+01 3.054348754882812500e+01
-4.850726699829101562e+01 4.850726699829101562e+01
9.707974243164062500e+01 -9.707974243164062500e+01
-7.879072570800781250e+01 7.879072570800781250e+01
-3.857966232299804688e+01 3.857966232299804688e+01
9.647549438476562500e+01 -9.647549438476562500e+01
-9.396415710449218750e+00 9.396415710449218750e+00
5.756283569335937500e+01 -5.756283569335937500e+01
-8.883634948730468750e+01 8.883634948730468750e+01
-9.979051971435546875e+01 9.979051971435546875e+01
-2.974934387207031250e+01 2.974934387207031250e+01
7.891017150878906250e+01 -7.891017150878906250e+01
5.016149902343750000e+01 -5.016149902343750000e+01
1.255700683593750000e+01 -1.255700683593750000e+01
8.208621215820312500e+01 -8.208621215820312500e+01
-4.561274719238281250e+01 4.561274719238281250e+01
-7.245109558105468750e+00 7.245109558105468750e+00
4.859410095214843750e+01 -4.859410095214843750e+01
-3.999105072021484375e+01 3.999105072021484375e+01
1.800682830810546875e+01 -1.800682830810546875e+01
-5.190000152587890625e+01 5.190000152587890625e+01
-9.629429626464843750e+01 9.629429626464843750e+01
-9.572874450683593750e+01 9.572874450683593750e+01
-4.000874710083007812e+01 4.000874710083007812e+01
-8.462274169921875000e+01 8.462274169921875000e+01
4.857742309570312500e+00 -4.857742309570312500e+00
-1.597714233398437500e+01 1.597714233398437500e+01
-4.114822769165039062e+01 4.114822769165039062e+01
6.928291320800781250e+00 -6.928291320800781250e+00
4.266954040527343750e+01 -4.266954040527343750e+01
-7.900016021728515625e+01 7.900016021728515625e+01
2.910842895507812500e+00 -2.910842895507812500e+00
6.031822204589843750e+00 -6.031822204589843750e+00
-5.459612274169921875e+01 5.459612274169921875e+01
-1.492754364013671875e+01 1.492754364013671875e+01
1.083802032470703125e+01 -1.083802032470703125e+01
-5.896607971191406250e+01 5.896607971191406250e+01
-6.778563690185546875e+01 6.778563690185546875e+01
4.879461669921875000e+01 -4.879461669921875000e+01
8.629315185546875000e+01 -8.629315185546875000e+01
7.215461730957031250e+00 -7.215461730957031250e+00
1.828617858886718750e+01 -1.828617858886718750e+01
-7.105260467529296875e+01 7.105260467529296875e+01
-8.674473571777343750e+01 8.674473571777343750e+01
2.526609039306640625e+01 -2.526609039306640625e+01
4.189949035644531250e+01 -4.189949035644531250e+01
1.943134307861328125e+01 -1.943134307861328125e+01
-7.686149597167968750e+00 7.686149597167968750e+00
3.737294006347656250e+01 -3.737294006347656250e+01
9.615447998046875000e+00 -9.615447998046875000e+00
2.031976318359375000e+01 -2.031976318359375000e+01
